0 0.213897705078125 0.667083740234375 0.259674072265625 0.667083740234375 0.259674072265625 0.744903564453125 0.213897705078125 0.744903564453125
0 0.279510498046875 0.740325927734375 0.371063232421875 0.740325927734375 0.371063232421875 0.821197509765625 0.279510498046875 0.821197509765625
1 0.372589111328125 0.767791748046875 0.438201904296875 0.767791748046875 0.438201904296875 0.841033935546875 0.372589111328125 0.841033935546875
0 0.450408935546875 0.819671630859375 0.490081787109375 0.819671630859375 0.490081787109375 0.865447998046875 0.450408935546875 0.865447998046875
1 0.229156494140625 0.551116943359375 0.335968017578125 0.551116943359375 0.335968017578125 0.664031982421875 0.229156494140625 0.664031982421875
2 0.358856201171875 0.639617919921875 0.493133544921875 0.639617919921875 0.493133544921875 0.749481201171875 0.358856201171875 0.749481201171875
1 0.465667724609375 0.534332275390625 0.561798095703125 0.534332275390625 0.561798095703125 0.633514404296875 0.465667724609375 0.633514404296875
2 0.650299072265625 0.451934814453125 0.755584716796875 0.451934814453125 0.755584716796875 0.575531005859375 0.650299072265625 0.575531005859375
1 0.500762939453125 0.10708618164062501 0.569427490234375 0.10708618164062501 0.569427490234375 0.186431884765625 0.500762939453125 0.186431884765625
0 0.369537353515625 0.480926513671875 0.461090087890625 0.480926513671875 0.461090087890625 0.563323974609375 0.369537353515625 0.563323974609375
0 0.711334228515625 0.773895263671875 0.796783447265625 0.773895263671875 0.796783447265625 0.856292724609375 0.711334228515625 0.856292724609375
1 0.667083740234375 0.276458740234375 0.763214111328125 0.276458740234375 0.763214111328125 0.354278564453125 0.667083740234375 0.354278564453125
1 0.572479248046875 0.543487548828125 0.651824951171875 0.543487548828125 0.651824951171875 0.613677978515625 0.572479248046875 0.613677978515625
1 0.755584716796875 0.215423583984375 0.850189208984375 0.215423583984375 0.850189208984375 0.306976318359375 0.755584716796875 0.306976318359375
1 0.740325927734375 0.386322021484375 0.863922119140625 0.386322021484375 0.863922119140625 0.509918212890625 0.740325927734375 0.509918212890625
2 0.769317626953125 0.606048583984375 0.868499755859375 0.606048583984375 0.868499755859375 0.714385986328125 0.769317626953125 0.714385986328125
0 0.792205810546875 0.805938720703125 0.848663330078125 0.805938720703125 0.848663330078125 0.905120849609375 0.792205810546875 0.905120849609375
2 0.880706787109375 0.619781494140625 0.993621826171875 0.619781494140625 0.993621826171875 0.752532958984375 0.880706787109375 0.752532958984375
0 0.891387939453125 0.380218505859375 0.990570068359375 0.380218505859375 0.990570068359375 0.496185302734375 0.891387939453125 0.496185302734375
0 0.564849853515625 0.377166748046875 0.667083740234375 0.377166748046875 0.667083740234375 0.451934814453125 0.564849853515625 0.451934814453125
