0 0.4154104313380282 0.31569102112676056 0.5226947623239436 0.31569102112676056 0.5226947623239436 0.46974031690140844 0.4154104313380282 0.46974031690140844
1 0.4415437940140845 0.5715228873239437 0.5089403609154929 0.5715228873239437 0.5089403609154929 0.6526738556338028 0.4415437940140845 0.6526738556338028
1 0.745516065140845 0.2304137323943662 0.8376705545774648 0.2304137323943662 0.8376705545774648 0.30606294014084506 0.745516065140845 0.30606294014084506
1 0.7950319102112676 0.2895576584507042 0.8404214348591549 0.2895576584507042 0.8404214348591549 0.3170664612676056 0.7950319102112676 0.3170664612676056
1 0.21184529049295775 0.6884352992957747 0.34526298415492956 0.6884352992957747 0.34526298415492956 0.7847161091549295 0.21184529049295775 0.7847161091549295
1 0.2888699383802817 0.812224911971831 0.4442946742957746 0.812224911971831 0.4442946742957746 0.9318882042253522 0.2888699383802817 0.9318882042253522
1 0.0963083186619718 0.7998459507042253 0.20496808978873238 0.7998459507042253 0.20496808978873238 0.9071302816901408 0.0963083186619718 0.9071302816901408
0 0.5158175616197183 0.8025968309859155 0.628603653169014 0.8025968309859155 0.628603653169014 0.8961267605633803 0.5158175616197183 0.8961267605633803
2 0.7413897447183099 0.37758582746478875 0.9105688820422535 0.37758582746478875 0.9105688820422535 0.5082526408450705 0.7413897447183099 0.5082526408450705
1 0.6904984595070423 0.713193221830986 0.8170389524647887 0.713193221830986 0.8170389524647887 0.7957196302816902 0.6904984595070423 0.7957196302816902
1 0.8362951144366196 0.5233824823943662 0.9738391285211268 0.5233824823943662 0.9738391285211268 0.6196632922535212 0.8362951144366196 0.6196632922535212
2 0.8115371919014084 0.7860915492957747 0.9820917693661971 0.7860915492957747 0.9820917693661971 0.9263864436619718 0.8115371919014084 0.9263864436619718
3 0.12244168133802814 0.2950594190140845 0.29987345950704225 0.2950594190140845 0.29987345950704225 0.3995928697183099 0.12244168133802814 0.3995928697183099
3 0.6987511003521126 0.6017825704225352 0.7895301496478873 0.6017825704225352 0.7895301496478873 0.6980633802816902 0.6987511003521126 0.6980633802816902
0 0.6451089348591549 0.08736795774647885 0.7537687059859155 0.08736795774647885 0.7537687059859155 0.187775088028169 0.6451089348591549 0.187775088028169
0 0.1251925616197183 0.01171874999999998 0.24898217429577463 0.01171874999999998 0.24898217429577463 0.11487676056338025 0.1251925616197183 0.11487676056338025
0 0.05779599471830984 0.029599471830985893 0.1251925616197183 0.029599471830985893 0.1251925616197183 0.12175396126760563 0.05779599471830984 0.12175396126760563
0 0.5020631602112675 0.4876210387323943 0.6244773327464789 0.4876210387323943 0.6244773327464789 0.5701474471830985 0.5020631602112675 0.5701474471830985
