2 0.08036118659420292 0.19924705615942032 0.19358582427536236 0.19924705615942032 0.19358582427536236 0.35068500905797106 0.08036118659420292 0.35068500905797106
2 0.6620527626811594 0.06337749094202902 0.7526324728260869 0.06337749094202902 0.7526324728260869 0.17660212862318844 0.6620527626811594 0.17660212862318844
0 0.8134907155797101 0.543166893115942 0.8701030344202898 0.543166893115942 0.8701030344202898 0.5955332880434783 0.8134907155797101 0.5955332880434783
2 0.7427253170289855 0.8432121829710145 0.8729336503623188 0.8432121829710145 0.8729336503623188 0.950775588768116 0.7427253170289855 0.950775588768116
1 0.6606374547101449 0.37616055253623193 0.7186650815217391 0.37616055253623193 0.7186650815217391 0.4313575634057971 0.6606374547101449 0.4313575634057971
2 0.6309159873188406 0.4214504076086957 0.7285722373188406 0.4214504076086957 0.7285722373188406 0.5091995018115942 0.6309159873188406 0.5091995018115942
1 0.6210088315217391 0.663468070652174 0.6889436141304347 0.663468070652174 0.6889436141304347 0.7526324728260869 0.6210088315217391 0.7526324728260869
1 0.6946048460144927 0.6974354619565217 0.7781080163043478 0.6974354619565217 0.7781080163043478 0.8078294836956522 0.6946048460144927 0.8078294836956522
1 0.5389209692028986 0.6818670742753623 0.6068557518115941 0.6818670742753623 0.6068557518115941 0.7851845561594203 0.5389209692028986 0.7851845561594203
2 0.8021682518115941 0.7059273097826088 0.9040704257246376 0.7059273097826088 0.9040704257246376 0.7908457880434783 0.8021682518115941 0.7908457880434783
1 0.8701030344202898 0.8191519474637681 0.933791893115942 0.8191519474637681 0.933791893115942 0.8785948822463768 0.8701030344202898 0.8785948822463768
1 0.5643965126811594 0.956436820652174 0.6623814793712013 0.956436820652174 0.6623814793712013 0.998046875 0.5643965126811594 0.998046875
