2 0.31388700181159424 0.15820312500000003 0.4426800271739131 0.15820312500000003 0.4426800271739131 0.3832370923913044 0.31388700181159424 0.3832370923913044
1 0.7115885416666666 0.8007529438405797 0.8106600996376812 0.8007529438405797 0.8106600996376812 0.9111469655797101 0.7115885416666666 0.9111469655797101
3 0.46957087862318836 0.10442142210144931 0.5771342844202898 0.10442142210144931 0.5771342844202898 0.2629359148550725 0.46957087862318836 0.2629359148550725
2 0.03931725543478265 0.20632359601449277 0.1412194293478261 0.20632359601449277 0.1412194293478261 0.3478543931159421 0.03931725543478265 0.3478543931159421
2 0.12848165760869568 0.6153475996376812 0.22896852355072467 0.6153475996376812 0.22896852355072467 0.7200803894927537 0.12848165760869568 0.7200803894927537
1 0.28841145833333337 0.8644418025362319 0.347854393115942 0.8644418025362319 0.347854393115942 0.9408684329710145 0.28841145833333337 0.9408684329710145
1 0.6507302989130435 0.02374886775362323 0.8290591032608695 0.02374886775362323 0.8290591032608695 0.16103374094202902 0.6507302989130435 0.16103374094202902
0 0.8814254981884058 0.7229110054347826 0.998046875 0.7229110054347826 0.998046875 0.8577983810240966 0.8814254981884058 0.8577983810240966
0 0.8417968749999999 0.8630264945652174 0.928130661231884 0.8630264945652174 0.928130661231884 0.9521908967391304 0.8417968749999999 0.9521908967391304
2 0.006765172101449314 0.003934556159420332 0.08177649456521742 0.003934556159420332 0.08177649456521742 0.10866734601449278 0.006765172101449314 0.10866734601449278
1 0.0874377264492754 0.09026834239130438 0.19217051630434784 0.09026834239130438 0.19217051630434784 0.19075520833333337 0.0874377264492754 0.19075520833333337
