1 0.8375509510869564 0.5389209692028986 0.9210541213768115 0.5389209692028986 0.9210541213768115 0.640823143115942 0.8375509510869564 0.640823143115942
1 0.5134454257246377 0.4610790307971015 0.6337466032608695 0.4610790307971015 0.6337466032608695 0.5559046648550725 0.5134454257246377 0.5559046648550725
0 0.8757642663043478 0.011011096014492794 0.939453125 0.011011096014492794 0.939453125 0.056300951086956555 0.8757642663043478 0.056300951086956555
0 0.23179913949275366 0.554489356884058 0.28982676630434784 0.554489356884058 0.28982676630434784 0.6309159873188406 0.23179913949275366 0.6309159873188406
1 0.1270663496376812 0.836135643115942 0.18650928442028988 0.836135643115942 0.18650928442028988 0.9111469655797101 0.1270663496376812 0.9111469655797101
0 0.040732563405797145 0.7568783967391305 0.12140511775362321 0.7568783967391305 0.12140511775362321 0.847458106884058 0.040732563405797145 0.847458106884058
0 0.07894587862318844 0.6804517663043478 0.169525588768116 0.6804517663043478 0.169525588768116 0.7724467844202899 0.07894587862318844 0.7724467844202899
0 0.1681102807971015 0.2685971467391305 0.2402909873188406 0.2685971467391305 0.2402909873188406 0.3450237771739131 0.1681102807971015 0.3450237771739131
1 0.23321444746376815 0.25585937500000006 0.2756736865942029 0.25585937500000006 0.2756736865942029 0.2954879981884058 0.23321444746376815 0.2954879981884058
1 0.4058820199275362 0.36766870471014496 0.4879698822463768 0.36766870471014496 0.4879698822463768 0.4554177989130435 0.4058820199275362 0.4554177989130435
2 0.10300611413043481 0.13272758152173916 0.2233072916666667 0.13272758152173916 0.2233072916666667 0.22613790760869568 0.10300611413043481 0.22613790760869568
