1 0.1155644806338028 0.6457966549295775 0.2833681778169014 0.6457966549295775 0.2833681778169014 0.7819652288732395 0.1155644806338028 0.7819652288732395
1 0.49931227992957744 0.34319982394366194 0.5790878080985915 0.34319982394366194 0.5790878080985915 0.43260343309859156 0.49931227992957744 0.43260343309859156
0 0.372771786971831 0.7764634683098592 0.5020631602112675 0.7764634683098592 0.5020631602112675 0.9525198063380282 0.372771786971831 0.9525198063380282
2 0.15132592429577463 0.8452354753521127 0.2627365757042254 0.8452354753521127 0.2627365757042254 0.9387654049295775 0.15132592429577463 0.9387654049295775
1 0.30950154049295775 0.16164172535211266 0.41678587147887325 0.16164172535211266 0.41678587147887325 0.2923085387323944 0.30950154049295775 0.2923085387323944
1 0.5254456426056338 0.7613336267605635 0.5735860475352113 0.7613336267605635 0.5735860475352113 0.812224911971831 0.5254456426056338 0.812224911971831
1 0.10731183978873236 0.40371919014084506 0.24760673415492956 0.40371919014084506 0.24760673415492956 0.537136883802817 0.10731183978873236 0.537136883802817
2 0.2654874559859155 0.3954665492957746 0.3590173855633803 0.3954665492957746 0.3590173855633803 0.4848701584507042 0.2654874559859155 0.4848701584507042
1 0.2916208186619718 0.34319982394366194 0.3438875440140845 0.34319982394366194 0.3438875440140845 0.39134022887323944 0.2916208186619718 0.39134022887323944
0 0.22559969190140844 0.2991857394366197 0.2778664172535211 0.2991857394366197 0.2778664172535211 0.3665823063380282 0.22559969190140844 0.3665823063380282
