1 0.46107903079710144 0.5813802083333334 0.5162760416666666 0.5813802083333334 0.5162760416666666 0.6323312952898551 0.46107903079710144 0.6323312952898551
0 0.253028759057971 0.4426800271739131 0.3266247735507246 0.4426800271739131 0.3266247735507246 0.5148607336956522 0.253028759057971 0.5148607336956522
1 0.3096410778985507 0.48938519021739135 0.35493093297101447 0.48938519021739135 0.35493093297101447 0.5459975090579711 0.3096410778985507 0.5459975090579711
1 0.1482959692028986 0.8644418025362319 0.23038383152173916 0.8644418025362319 0.23038383152173916 0.9436990489130435 0.1482959692028986 0.9436990489130435
1 0.5219372735507246 0.6026098278985508 0.5559046648550724 0.6026098278985508 0.5559046648550724 0.6592221467391305 0.5219372735507246 0.6592221467391305
2 0.34926970108695654 0.8757642663043478 0.451171875 0.8757642663043478 0.451171875 0.9904042119565217 0.34926970108695654 0.9904042119565217
1 0.029410099637681198 0.6195935235507246 0.09734488224637684 0.6195935235507246 0.09734488224637684 0.6804517663043478 0.029410099637681198 0.6804517663043478
1 0.6648833786231884 0.46249433876811596 0.7823539402173912 0.46249433876811596 0.7823539402173912 0.5219372735507246 0.6648833786231884 0.5219372735507246
1 0.2077389039855073 0.12140511775362321 0.2954879981884058 0.12140511775362321 0.2954879981884058 0.21623075181159424 0.2077389039855073 0.21623075181159424
2 0.4469259510869565 0.06337749094202902 0.554489356884058 0.06337749094202902 0.554489356884058 0.1794327445652174 0.4469259510869565 0.1794327445652174
2 0.7979223278985507 0.6677139945652174 0.8984091938405797 0.6677139945652174 0.8984091938405797 0.8134907155797102 0.7979223278985507 0.8134907155797102
2 0.7979223278985507 0.31813292572463775 0.925300045289855 0.31813292572463775 0.925300045289855 0.42428102355072467 0.7979223278985507 0.42428102355072467
2 0.8347203351449275 0.39172894021739135 0.9946501358695652 0.39172894021739135 0.9946501358695652 0.5091995018115942 0.8347203351449275 0.5091995018115942
0 0.5912873641304348 0.3039798460144928 0.7130038496376812 0.3039798460144928 0.7130038496376812 0.40588201992753625 0.5912873641304348 0.40588201992753625
2 0.8998245018115941 0.8616111865942029 0.9974807518115942 0.8616111865942029 0.9974807518115942 0.9762511322463768 0.8998245018115941 0.9762511322463768
2 0.8842561141304347 0.47381680253623193 0.998046875 0.47381680253623193 0.998046875 0.6058702781132583 0.8842561141304347 0.6058702781132583
1 0.9040704257246376 0.565811820652174 0.998046875 0.565811820652174 0.998046875 0.6774939777620248 0.9040704257246376 0.6774939777620248
