2 0.33936254528985504 0.8276437952898551 0.43418817934782605 0.8276437952898551 0.43418817934782605 0.9408684329710145 0.33936254528985504 0.9408684329710145
2 0.3973901721014493 0.4610790307971015 0.5205219655797101 0.4610790307971015 0.5205219655797101 0.5813802083333334 0.3973901721014493 0.5813802083333334
2 0.07328464673913047 0.5106148097826088 0.15395720108695657 0.5106148097826088 0.15395720108695657 0.5714730525362319 0.07328464673913047 0.5714730525362319
2 0.14121942934782614 0.4455106431159421 0.21198482789855075 0.4455106431159421 0.21198482789855075 0.5148607336956522 0.14121942934782614 0.5148607336956522
2 0.21623075181159424 0.35068500905797106 0.3337013134057971 0.35068500905797106 0.3337013134057971 0.47098618659420294 0.21623075181159424 0.47098618659420294
2 0.018087635869565258 0.10866734601449278 0.08743772644927539 0.10866734601449278 0.08743772644927539 0.1440500452898551 0.018087635869565258 0.1440500452898551
3 0.005349864130434824 0.15112658514492755 0.11998980978260872 0.15112658514492755 0.11998980978260872 0.25161345108695654 0.005349864130434824 0.25161345108695654
1 0.1440500452898551 0.3068104619565218 0.2388756793478261 0.3068104619565218 0.2388756793478261 0.3818217844202899 0.1440500452898551 0.3818217844202899
3 0.10017549818840583 0.8347203351449275 0.18650928442028988 0.8347203351449275 0.18650928442028988 0.9083163496376812 0.10017549818840583 0.9083163496376812
1 0.11149796195652177 0.7016813858695652 0.23179913949275366 0.7016813858695652 0.23179913949275366 0.7653702445652174 0.11149796195652177 0.7653702445652174
1 0.3775758605072464 0.6096863677536232 0.43418817934782605 0.6096863677536232 0.43418817934782605 0.6606374547101449 0.3775758605072464 0.6606374547101449
1 0.4879698822463768 0.646484375 0.5233525815217391 0.646484375 0.5233525815217391 0.7059273097826088 0.4879698822463768 0.7059273097826088
2 0.169525588768116 0.8998245018115942 0.26576653079710144 0.8998245018115942 0.26576653079710144 0.9762511322463768 0.169525588768116 0.9762511322463768
1 0.38465240036231885 0.39172894021739135 0.43701879528985504 0.39172894021739135 0.43701879528985504 0.456833106884058 0.38465240036231885 0.456833106884058
