1 0.2020776721014493 0.7526324728260869 0.26010529891304346 0.7526324728260869 0.26010529891304346 0.8092447916666666 0.2020776721014493 0.8092447916666666
2 0.09309895833333337 0.6620527626811594 0.2431216032608696 0.6620527626811594 0.2431216032608696 0.7965070199275363 0.09309895833333337 0.7965070199275363
0 0.4072973278985507 0.3789911684782609 0.5417515851449275 0.3789911684782609 0.5417515851449275 0.47381680253623193 0.4072973278985507 0.47381680253623193
1 0.442680027173913 0.6111016757246377 0.5474128170289855 0.6111016757246377 0.5474128170289855 0.6960201539855072 0.442680027173913 0.6960201539855072
2 0.456833106884058 0.7356487771739131 0.537505661231884 0.7356487771739131 0.537505661231884 0.8262284873188406 0.456833106884058 0.8262284873188406
2 0.44409533514492755 0.8842561141304348 0.5148607336956521 0.8842561141304348 0.5148607336956521 0.956436820652174 0.44409533514492755 0.956436820652174
1 0.5360903532608695 0.30539515398550726 0.5771342844202898 0.30539515398550726 0.5771342844202898 0.3605921648550725 0.5360903532608695 0.3605921648550725
2 0.005349864130434824 0.15254189311594205 0.13414288949275366 0.15254189311594205 0.13414288949275366 0.2841655344202899 0.005349864130434824 0.2841655344202899
3 0.22613790760869568 0.3775758605072464 0.34360846920289856 0.3775758605072464 0.34360846920289856 0.4780627264492754 0.22613790760869568 0.4780627264492754
0 0.4299422554347826 0.08177649456521742 0.5063688858695652 0.08177649456521742 0.5063688858695652 0.1426347373188406 0.4299422554347826 0.1426347373188406
1 0.032240715579710186 0.44975656702898553 0.08885303442028988 0.44975656702898553 0.08885303442028988 0.5021229619565217 0.032240715579710186 0.5021229619565217
0 0.009595788043478302 0.5205219655797102 0.07045403079710148 0.5205219655797102 0.07045403079710148 0.5827955163043479 0.009595788043478302 0.5827955163043479
1 0.0011039402173913457 0.4426800271739131 0.08036118659420292 0.4426800271739131 0.08036118659420292 0.557319972826087 0.0011039402173913457 0.557319972826087
3 0.2572746829710145 0.006765172101449316 0.3521003170289855 0.006765172101449316 0.3521003170289855 0.08885303442028988 0.2572746829710145 0.08885303442028988
3 0.06479279891304351 0.06337749094202902 0.17235620471014496 0.06337749094202902 0.17235620471014496 0.16103374094202902 0.06479279891304351 0.16103374094202902
