2 0.2799196105072464 0.5077841938405797 0.4214504076086956 0.5077841938405797 0.4214504076086956 0.6691293025362319 0.2799196105072464 0.6691293025362319
1 0.09168365036231887 0.8856714221014492 0.14971127717391308 0.8856714221014492 0.14971127717391308 0.9380378170289855 0.09168365036231887 0.9380378170289855
1 0.01950294384057975 0.7950917119565217 0.10017549818840583 0.7950917119565217 0.10017549818840583 0.8856714221014492 0.01950294384057975 0.8856714221014492
1 0.8616111865942029 0.8120754076086957 0.928130661231884 0.8120754076086957 0.928130661231884 0.9012398097826086 0.8616111865942029 0.9012398097826086
0 0.9210541213768115 0.5785495923913043 0.9974807518115942 0.5785495923913043 0.9974807518115942 0.6677139945652174 0.9210541213768115 0.6677139945652174
2 0.5927026721014492 0.12848165760869568 0.7144191576086956 0.12848165760869568 0.7144191576086956 0.31105638586956524 0.5927026721014492 0.31105638586956524
1 0.8885020380434782 0.2898267663043479 0.9606827445652173 0.2898267663043479 0.9606827445652173 0.362007472826087 0.8885020380434782 0.362007472826087
1 0.8927479619565217 0.22755321557971017 0.9904042119565217 0.22755321557971017 0.9904042119565217 0.3068104619565218 0.8927479619565217 0.3068104619565218
2 0.841796875 0.09592957427536235 0.9479449728260869 0.09592957427536235 0.9479449728260869 0.17660212862318844 0.841796875 0.17660212862318844
1 0.824813179347826 0.030825407608695694 0.8785948822463767 0.030825407608695694 0.8785948822463767 0.07753057065217395 0.824813179347826 0.07753057065217395
0 0.8842561141304347 0.03648663949275366 0.9153928894927535 0.03648663949275366 0.9153928894927535 0.07328464673913047 0.8842561141304347 0.07328464673913047
0 0.0011039402173913457 0.3450237771739131 0.05205502717391308 0.3450237771739131 0.05205502717391308 0.42994225543478265 0.0011039402173913457 0.42994225543478265
