2 0.628603653169014 0.20978213028169013 0.763396786971831 0.20978213028169013 0.763396786971831 0.3500770246478873 0.628603653169014 0.3500770246478873
0 0.8197898327464789 0.40784551056338025 0.8954390404929577 0.40784551056338025 0.8954390404929577 0.49174735915492956 0.8197898327464789 0.49174735915492956
1 0.7895301496478873 0.7640845070422535 0.9339513644366197 0.7640845070422535 0.9339513644366197 0.8933758802816902 0.7895301496478873 0.8933758802816902
0 0.49931227992957744 0.618287852112676 0.6176001320422535 0.618287852112676 0.6176001320422535 0.7228213028169015 0.49931227992957744 0.7228213028169015
1 0.4016560299295775 0.5055017605633803 0.4924350792253521 0.5055017605633803 0.4924350792253521 0.596280809859155 0.4016560299295775 0.596280809859155
2 0.2035926496478873 0.5453895246478873 0.32875770246478875 0.5453895246478873 0.32875770246478875 0.676056338028169 0.2035926496478873 0.676056338028169
1 0.14307328345070422 0.461487676056338 0.20496808978873238 0.461487676056338 0.20496808978873238 0.5233824823943662 0.14307328345070422 0.5233824823943662
2 0.07292583626760561 0.7654599471830985 0.1664557658450704 0.7654599471830985 0.1664557658450704 0.8562389964788732 0.07292583626760561 0.8562389964788732
0 0.022034551056338003 0.810849471830986 0.10731183978873236 0.810849471830986 0.10731183978873236 0.9002530809859155 0.022034551056338003 0.9002530809859155
1 0.2847436179577465 0.501375440140845 0.3631437059859155 0.501375440140845 0.3631437059859155 0.5687720070422535 0.2847436179577465 0.5687720070422535
3 0.16783120598591547 0.3335717429577465 0.26136113556338025 0.3335717429577465 0.26136113556338025 0.4339788732394366 0.16783120598591547 0.4339788732394366
2 0.026160871478873214 0.1506382042253521 0.13206976232394366 0.1506382042253521 0.13206976232394366 0.26479973591549294 0.026160871478873214 0.26479973591549294
1 0.5474526848591549 0.10662411971830985 0.6052211707746479 0.10662411971830985 0.6052211707746479 0.14788732394366197 0.5474526848591549 0.14788732394366197
0 0.4222876320422535 0.6086597711267605 0.49105963908450706 0.6086597711267605 0.49105963908450706 0.6623019366197183 0.4222876320422535 0.6623019366197183
0 0.03578895246478871 0.3610805457746479 0.0963083186619718 0.3610805457746479 0.0963083186619718 0.4243507922535211 0.03578895246478871 0.4243507922535211
0 0.21597161091549294 0.01859595070422533 0.3081261003521127 0.01859595070422533 0.3081261003521127 0.09424515845070422 0.21597161091549294 0.09424515845070422
0 0.26411201584507044 0.8218529929577465 0.3631437059859155 0.8218529929577465 0.3631437059859155 0.9181338028169015 0.26411201584507044 0.9181338028169015
