1 0.07504272460937501 0.197113037109375 0.189483642578125 0.197113037109375 0.189483642578125 0.329864501953125 0.07504272460937501 0.329864501953125
0 0.427520751953125 0.558746337890625 0.517547607421875 0.558746337890625 0.517547607421875 0.647247314453125 0.427520751953125 0.647247314453125
2 0.291717529296875 0.928009033203125 0.346649169921875 0.928009033203125 0.346649169921875 0.996673583984375 0.291717529296875 0.996673583984375
2 0.555694580078125 0.380218505859375 0.651824951171875 0.380218505859375 0.651824951171875 0.473297119140625 0.555694580078125 0.473297119140625
1 0.151336669921875 0.647247314453125 0.242889404296875 0.647247314453125 0.242889404296875 0.810516357421875 0.151336669921875 0.810516357421875
1 0.354278564453125 0.213897705078125 0.450408935546875 0.213897705078125 0.450408935546875 0.282562255859375 0.354278564453125 0.282562255859375
1 0.12387084960937501 0.900543212890625 0.183380126953125 0.900543212890625 0.183380126953125 0.963104248046875 0.12387084960937501 0.963104248046875
1 0.242889404296875 0.435150146484375 0.358856201171875 0.435150146484375 0.358856201171875 0.602996826171875 0.242889404296875 0.602996826171875
1 0.561798095703125 0.08877563476562501 0.644195556640625 0.08877563476562501 0.644195556640625 0.151336669921875 0.561798095703125 0.151336669921875
1 0.586212158203125 0.166595458984375 0.664031982421875 0.166595458984375 0.664031982421875 0.232208251953125 0.586212158203125 0.232208251953125
