2 0.3266247735507246 0.3775758605072464 0.46249433876811596 0.3775758605072464 0.46249433876811596 0.5318444293478262 0.3266247735507246 0.5318444293478262
3 0.7922610960144927 0.41012794384057977 0.9507755887681159 0.41012794384057977 0.9507755887681159 0.5091995018115942 0.7922610960144927 0.5091995018115942
2 0.5233525815217391 0.38606770833333337 0.637992527173913 0.38606770833333337 0.637992527173913 0.49787703804347827 0.5233525815217391 0.49787703804347827
3 0.04073256340579714 0.8715183423913043 0.19783174818840582 0.8715183423913043 0.19783174818840582 0.9819123641304348 0.04073256340579714 0.9819123641304348
2 0.5700577445652174 0.629500679347826 0.6747905344202898 0.629500679347826 0.6747905344202898 0.749801856884058 0.5700577445652174 0.749801856884058
1 0.3605921648550725 0.7724467844202899 0.44126471920289856 0.7724467844202899 0.44126471920289856 0.8785948822463768 0.3605921648550725 0.8785948822463768
1 0.46249433876811596 0.8870867300724637 0.5304291213768115 0.8870867300724637 0.5304291213768115 0.9904042119565217 0.46249433876811596 0.9904042119565217
0 0.5035382699275363 0.2417062952898551 0.6082710597826086 0.2417062952898551 0.6082710597826086 0.34926970108695654 0.5035382699275363 0.34926970108695654
2 0.45400249094202894 0.09734488224637684 0.5827955163043478 0.09734488224637684 0.5827955163043478 0.20490828804347827 0.45400249094202894 0.20490828804347827
2 0.4313575634057971 0.0011039402173913461 0.5389209692028986 0.0011039402173913461 0.5389209692028986 0.09168365036231887 0.4313575634057971 0.09168365036231887
1 0.27850430253623193 0.04639379528985511 0.3874830163043478 0.04639379528985511 0.3874830163043478 0.13697350543478265 0.27850430253623193 0.13697350543478265
1 0.26010529891304346 0.003934556159420332 0.3690840126811594 0.003934556159420332 0.3690840126811594 0.06054687500000003 0.26010529891304346 0.06054687500000003
