0 0.18792459239130438 0.6195935235507246 0.261520606884058 0.6195935235507246 0.261520606884058 0.6988507699275363 0.18792459239130438 0.6988507699275363
2 0.37899116847826086 0.7710314764492754 0.4695708786231884 0.7710314764492754 0.4695708786231884 0.8955785778985507 0.37899116847826086 0.8955785778985507
3 0.35776154891304346 0.5559046648550725 0.4922158061594203 0.5559046648550725 0.4922158061594203 0.6960201539855072 0.35776154891304346 0.6960201539855072
2 0.14263473731884063 0.29265738224637683 0.21340013586956524 0.29265738224637683 0.21340013586956524 0.37332993659420294 0.14263473731884063 0.37332993659420294
1 0.44126471920289856 0.1072520380434783 0.5474128170289855 0.1072520380434783 0.5474128170289855 0.22330729166666669 0.44126471920289856 0.22330729166666669
1 0.543166893115942 0.1850939764492754 0.6733752264492753 0.1850939764492754 0.6733752264492753 0.3068104619565218 0.543166893115942 0.3068104619565218
1 0.8375509510869564 0.652145606884058 0.9238847373188406 0.652145606884058 0.9238847373188406 0.7356487771739131 0.8375509510869564 0.7356487771739131
2 0.7200803894927535 0.2855808423913044 0.827643795289855 0.2855808423913044 0.827643795289855 0.3789911684782609 0.7200803894927535 0.3789911684782609
1 0.2912420742753623 0.003934556159420332 0.38182178442028986 0.003934556159420332 0.38182178442028986 0.09309895833333337 0.2912420742753623 0.09309895833333337
0 0.7172497735507246 0.5233525815217391 0.8007529438405797 0.5233525815217391 0.8007529438405797 0.5870414402173914 0.7172497735507246 0.5870414402173914
2 0.8078294836956521 0.09592957427536235 0.9507755887681159 0.09592957427536235 0.9507755887681159 0.2190613677536232 0.8078294836956521 0.2190613677536232
1 0.9479449728260869 0.8092447916666666 0.9875735960144927 0.8092447916666666 0.9875735960144927 0.8502887228260869 0.9479449728260869 0.8502887228260869
1 0.5898720561594203 0.003934556159420332 0.6832823822463768 0.003934556159420332 0.6832823822463768 0.07328464673913047 0.5898720561594203 0.07328464673913047
3 0.8446274909420289 0.3280400815217392 0.9649286684782609 0.3280400815217392 0.9649286684782609 0.43560348731884063 0.8446274909420289 0.43560348731884063
1 0.8573652626811594 0.459663722826087 0.9536062047101449 0.459663722826087 0.9536062047101449 0.5629812047101449 0.8573652626811594 0.5629812047101449
